0.000 0.874
0.874 0.874
1.77 0.896
2.624 0.854
3.479 0.855
4.283 0.804
5.122 0.839
5.976 0.854
6.835 0.859
7.648 0.813
8.445 0.797
9.275 0.83
10.144 0.869
11.023 0.879
11.843 0.82
12.637 0.794
13.471 0.834
14.326 0.855
15.153 0.827
15.928 0.775
16.721 0.793
17.542 0.821
18.35 0.808
19.107 0.757
19.864 0.757
20.641 0.777
21.405 0.764
22.147 0.742
22.891 0.744
23.669 0.778
24.489 0.82
25.308 0.819
26.078 0.77
26.847 0.769
27.621 0.774
28.368 0.747
29.109 0.741
29.89 0.781
30.701 0.811
31.509 0.808
32.343 0.834
33.187 0.844
34.015 0.828
34.816 0.801
35.617 0.801
36.435 0.818
37.238 0.803
37.992 0.754
38.742 0.75
39.53 0.788
40.331 0.801
41.106 0.775
41.898 0.792
42.736 0.838
43.58 0.844
44.381 0.801
45.196 0.815
46.016 0.82
46.789 0.773
47.546 0.757
48.318 0.772
49.091 0.773
49.866 0.775
50.621 0.755
51.393 0.772
52.18 0.787
52.938 0.758
53.685 0.747
54.453 0.768
55.25 0.797
56.051 0.801
56.817 0.766
57.61 0.793
58.416 0.806
59.188 0.772
59.969 0.781
60.75 0.781
61.508 0.758
62.262 0.754
63.023 0.761
63.787 0.764
64.532 0.745
65.298 0.766
66.097 0.799
66.916 0.819
67.714 0.798
68.553 0.839
69.458 0.905
70.366 0.908
71.253 0.887
72.088 0.835
72.877 0.789
73.673 0.796
74.505 0.832
75.382 0.877
76.276 0.894
77.119 0.843
77.924 0.805
78.754 0.83
79.625 0.871
80.534 0.909
81.389 0.855
82.185 0.796
83.004 0.819
83.866 0.862
84.735 0.869
85.564 0.829
86.355 0.791
87.132 0.777
87.943 0.811
88.809 0.866
89.703 0.894
90.561 0.858
91.351 0.79
92.113 0.762
92.837 0.724
93.554 0.717
94.323 0.769
95.08 0.757
95.816 0.736
96.569 0.753
97.339 0.77
98.128 0.789
98.88 0.752
99.597 0.717
100.306 0.709
101.018 0.712
101.751 0.733
102.477 0.726
103.193 0.716
103.929 0.736
104.693 0.764
105.506 0.813
106.265 0.759
107.01 0.745
107.732 0.722
108.411 0.679
109.091 0.68
109.774 0.683
110.261 0.487
111.144 0.883
111.823 0.679
112.514 0.691
113.219 0.705
113.905 0.686
114.572 0.667
115.216 0.644
115.848 0.632
116.483 0.635
117.124 0.641
117.769 0.645
118.403 0.634
119.03 0.627
119.661 0.631
120.297 0.636
120.94 0.643
121.581 0.641
122.218 0.637
122.883 0.665
123.625 0.742
124.449 0.824
125.303 0.854
126.141 0.838
127.014 0.873
127.929 0.915
128.857 0.928
129.725 0.868
130.578 0.853
131.454 0.876
132.323 0.869
133.143 0.82
133.959 0.816
134.779 0.82
135.568 0.789
136.335 0.767
137.128 0.793
137.916 0.788
138.704 0.788
139.469 0.765
140.29 0.821
141.182 0.892
142.096 0.914
142.979 0.883
143.908 0.929
144.841 0.933
145.72 0.879
146.634 0.914
147.527 0.893
148.375 0.848
149.187 0.812
150.04 0.853
150.92 0.88
151.75 0.83
152.549 0.799
153.361 0.812
154.241 0.88
155.147 0.906
156.062 0.915
156.903 0.841
157.772 0.869
158.652 0.88
159.476 0.824
160.292 0.816
161.103 0.811
161.923 0.82
162.708 0.785
163.513 0.805
164.375 0.862
165.266 0.891
166.098 0.832
166.984 0.886
167.893 0.909
168.759 0.866
169.604 0.845
170.486 0.882
171.352 0.866
172.152 0.8
172.923 0.771
173.689 0.766
174.467 0.778
175.281 0.814
176.135 0.854
177.014 0.879
177.845 0.831
178.652 0.807
179.433 0.781
180.224 0.791
180.977 0.753
181.743 0.766
182.495 0.752
183.249 0.754
183.965 0.716
184.667 0.702
185.355 0.688
186.065 0.71
186.807 0.742
187.617 0.81
188.413 0.796
189.177 0.764
189.962 0.785
190.781 0.819
191.585 0.804
192.352 0.767
193.136 0.784
193.925 0.789
194.686 0.761
195.421 0.735
196.166 0.745
196.946 0.78
197.726 0.78
198.482 0.756
199.259 0.777
200.026 0.767
200.744 0.718
201.445 0.701
202.13 0.685
202.821 0.691
203.534 0.713
204.272 0.738
205.002 0.73
205.704 0.702
206.379 0.675
207.044 0.665
207.74 0.696
208.492 0.752
209.267 0.775
210.079 0.812
210.883 0.804
211.648 0.765
212.426 0.778
212.775 0.349
213.205 0.43
213.978 0.773
214.726 0.748
215.474 0.748
216.214 0.74
216.934 0.72
217.633 0.699
218.341 0.708
219.044 0.703
219.766 0.722
220.479 0.713
221.205 0.726
221.941 0.736
222.691 0.75
223.42 0.729
224.154 0.734
224.875 0.721
225.255 0.38
225.602 0.347
226.091 0.489
226.456 0.365
226.759 0.303
228.324 1.565
229.597 1.273
230.221 0.624
230.833 0.612
231.43 0.597
232.016 0.586
232.343 0.327
232.597 0.254
233.17 0.573
233.751 0.581
234.357 0.606
235.018 0.661
235.738 0.72
236.417 0.679
237.26 0.843
238.12 0.86
239.029 0.909
239.923 0.894
240.803 0.88
241.686 0.883
242.559 0.873
243.379 0.82
244.221 0.842
245.099 0.878
245.935 0.836
246.817 0.882
247.783 0.966
248.697 0.914
249.541 0.844
250.397 0.856
251.266 0.869
252.076 0.81
252.864 0.788
253.678 0.814
254.484 0.806
255.248 0.764
255.979 0.731
256.673 0.694
257.388 0.715
258.118 0.73
258.826 0.708
259.527 0.701
260.235 0.708
260.927 0.692
261.62 0.693
262.204 0.584
263.001 0.797
263.671 0.67
264.273 0.602
264.996 0.723
265.67 0.674
266.338 0.668
266.989 0.651
267.645 0.656
268.309 0.664
268.98 0.671
269.657 0.677
270.317 0.66
270.983 0.666
271.656 0.673
272.355 0.699
273.041 0.686
273.701 0.66
274.351 0.65
275.018 0.667
275.723 0.705
276.456 0.733
277.202 0.746
277.976 0.774
278.701 0.725
279.406 0.705
280.127 0.721
280.855 0.728
281.579 0.724
282.282 0.703
282.991 0.709
283.726 0.735
284.489 0.763
285.202 0.713
285.94 0.738
286.715 0.775
287.506 0.791
288.239 0.733
288.941 0.702
289.642 0.701
290.342 0.7
291.052 0.71
291.759 0.707
292.445 0.686
293.127 0.682
293.825 0.698
294.544 0.719
295.281 0.737
295.998 0.717
296.71 0.712
297.444 0.734
298.204 0.76
298.959 0.755
299.688 0.729
300.401 0.713
301.102 0.701
301.795 0.693
302.489 0.694
303.159 0.67
303.838 0.679
304.541 0.703
305.312 0.771
306.116 0.804
306.914 0.798
307.688 0.774
308.487 0.799
309.311 0.824
310.132 0.821
310.914 0.782
311.695 0.781
312.499 0.804
313.3 0.801
314.068 0.768
314.828 0.76
315.616 0.788
316.466 0.85
317.308 0.842
318.105 0.797
318.929 0.824
319.773 0.844
320.588 0.815
321.354 0.766
322.1 0.746
322.825 0.725
323.537 0.712
324.248 0.711
324.95 0.702
325.63 0.68
326.317 0.687
327.014 0.697
327.713 0.699
328.384 0.671
329.064 0.68
329.761 0.697
330.5 0.739
331.258 0.758
332.007 0.749
332.797 0.79
333.629 0.832
334.487 0.858
335.317 0.83
336.117 0.8
336.995 0.878
337.899 0.904
338.712 0.813
339.456 0.744
339.787 0.331
340.173 0.386
340.896 0.723
341.603 0.707
342.291 0.688
342.961 0.67
343.643 0.682
344.341 0.698
345.056 0.715
345.757 0.701
346.438 0.681
347.128 0.69
347.851 0.723
348.639 0.788
349.428 0.789
350.192 0.764
350.982 0.79
351.817 0.835
352.618 0.801
353.389 0.771
354.159 0.77
354.933 0.774
355.716 0.783
356.467 0.751
357.203 0.736
357.951 0.748
358.708 0.757
359.446 0.738
360.171 0.725
360.92 0.749
361.685 0.765
362.415 0.73
363.122 0.707
363.822 0.7
364.53 0.708
365.21 0.68
365.899 0.689
366.611 0.712
367.308 0.697
367.988 0.68
368.679 0.691
369.411 0.732
370.163 0.752
370.897 0.734
371.6 0.703
372.272 0.672
372.991 0.719
373.782 0.791
374.659 0.877
375.53 0.871
376.371 0.841
377.154 0.783
377.934 0.78
378.727 0.793
379.543 0.816
380.345 0.802
381.116 0.771
381.862 0.746
382.625 0.763
383.429 0.804
384.257 0.828
385.032 0.775
385.826 0.794
386.63 0.804
387.44 0.81
388.222 0.782
389.001 0.779
389.805 0.804
390.611 0.806
391.38 0.769
392.171 0.791
392.959 0.788
393.723 0.764
394.508 0.785
395.319 0.811
396.128 0.809
396.907 0.779
397.701 0.794
398.514 0.813
399.339 0.825
400.123 0.784
400.904 0.781
401.694 0.79
402.5 0.806
403.266 0.766
404.061 0.795
404.883 0.822
405.725 0.842
406.516 0.791
407.325 0.809
408.166 0.841
408.996 0.83
409.755 0.759
410.498 0.743
411.252 0.754
412.023 0.771
412.775 0.752
413.492 0.717
414.217 0.725
414.981 0.764
415.766 0.785
416.534 0.768
417.268 0.734
418.011 0.743
418.757 0.746
419.489 0.732
420.193 0.704
420.896 0.703
421.621 0.725
422.386 0.765
423.144 0.758
423.89 0.746
424.66 0.77
425.45 0.79
426.234 0.784
426.981 0.747
427.735 0.754
428.515 0.78
429.313 0.798
430.086 0.773
430.855 0.769
431.678 0.823
432.521 0.843
433.384 0.863
434.209 0.825
434.991 0.782
435.784 0.793
436.594 0.81
437.454 0.86
438.261 0.807
439.033 0.772
439.814 0.781
440.595 0.781
441.365 0.77
442.11 0.745
442.863 0.753
443.658 0.795
444.46 0.802
445.202 0.742
445.949 0.747
446.672 0.723
447.366 0.694
448.075 0.709
448.832 0.757
449.586 0.754
450.321 0.735
451.066 0.745
451.843 0.777
452.608 0.765
453.321 0.713
454.034 0.713
454.767 0.733
455.531 0.764
456.279 0.748
456.985 0.706
457.705 0.72
458.463 0.758
459.276 0.813
460.12 0.844
460.928 0.808
461.739 0.811
462.539 0.8
463.295 0.756
464.033 0.738
464.779 0.746
465.54 0.761
466.304 0.764
467.04 0.736
467.789 0.749
468.551 0.762
469.326 0.775
470.055 0.729
470.765 0.71
471.472 0.707
472.204 0.732
472.938 0.734
473.696 0.758
474.414 0.718
475.123 0.709
475.836 0.713
476.543 0.707
477.267 0.724
478.004 0.737
478.744 0.74
479.471 0.727
480.175 0.704
480.867 0.692
481.602 0.735
482.38 0.778
483.177 0.797
483.98 0.803
484.799 0.819
485.606 0.807
486.431 0.825
486.724 0.293
487.237 0.513
488.491 1.254
496.726 0.734
497.453 0.727
498.153 0.7
498.846 0.693
499.292 0.446
500.226 0.934
500.991 0.765
501.828 0.837
502.661 0.833
503.471 0.81
504.32 0.849
505.198 0.878
506.081 0.883
506.935 0.854
507.798 0.863
508.684 0.886
509.494 0.81
510.254 0.76
511.006 0.752
511.796 0.79
512.639 0.843
513.49 0.851
514.282 0.792
515.13 0.848
515.957 0.827
516.723 0.766
517.47 0.747
518.226 0.756
519.003 0.777
519.81 0.807
520.581 0.771
521.357 0.776
522.16 0.803
522.967 0.807
523.728 0.761
524.516 0.788
525.314 0.798
526.102 0.788
526.895 0.793
527.707 0.812
528.494 0.787
529.281 0.787
530.082 0.801
530.893 0.811
531.672 0.779
532.44 0.768
533.194 0.754
533.934 0.74
534.679 0.745
535.457 0.778
536.274 0.817
537.102 0.828
537.938 0.836
538.812 0.874
539.703 0.891
540.525 0.822
541.346 0.821
542.161 0.815
542.943 0.782
543.685 0.742
544.416 0.731
545.168 0.752
545.963 0.795
546.784 0.821
547.577 0.793
548.375 0.798
549.212 0.837
550.099 0.887
550.997 0.898
551.85 0.853
552.707 0.857
553.563 0.856
554.411 0.848
555.214 0.803
556.034 0.82
556.867 0.833
557.702 0.835
558.523 0.821
559.377 0.854
560.285 0.908
561.218 0.933
562.096 0.878
562.902 0.806
563.682 0.78
564.485 0.803
565.332 0.847
566.221 0.889
567.068 0.847
567.874 0.806
568.711 0.837
569.581 0.87
570.469 0.888
571.326 0.857
572.132 0.806
572.9 0.768
573.659 0.759
574.435 0.776
575.236 0.801
576.042 0.806
576.82 0.778
577.596 0.776
578.354 0.758
579.121 0.767
579.919 0.798
580.729 0.81
581.475 0.746
582.201 0.726
582.893 0.692
583.574 0.681
584.29 0.716
585.046 0.756
585.81 0.764
586.52 0.71
587.219 0.699
587.901 0.682
588.586 0.685
589.263 0.677
589.914 0.651
590.563 0.649
591.205 0.642
591.84 0.635
592.481 0.641
593.128 0.647
593.774 0.646
594.41 0.636
595.061 0.651
595.708 0.647
596.36 0.652
597.004 0.644
597.655 0.651
598.313 0.658
598.978 0.665
599.639 0.661
600.313 0.674
600.992 0.679
601.679 0.687
602.344 0.665
603.017 0.673
603.691 0.674
604.37 0.679
605.037 0.667
605.68 0.643
606.313 0.633
606.946 0.633
607.573 0.627
608.19 0.617
608.799 0.609
609.408 0.609
610.008 0.6
610.605 0.597
611.2 0.595
611.814 0.614
612.453 0.639
613.122 0.669
613.808 0.686
614.484 0.676
615.21 0.726
615.956 0.746
616.708 0.752
617.451 0.743
618.172 0.721
618.908 0.736
619.672 0.764
620.464 0.792
621.238 0.774
622.011 0.773
622.823 0.812
623.653 0.83
624.454 0.801
625.218 0.764
625.983 0.765
626.783 0.8
627.578 0.795
628.349 0.771
629.093 0.744
629.852 0.759
630.642 0.79
631.459 0.817
632.245 0.786
633.012 0.767
633.791 0.779
634.623 0.832
635.476 0.853
636.297 0.821
637.1 0.803
637.928 0.828
638.795 0.867
639.646 0.851
640.455 0.809
641.278 0.823
642.114 0.836
642.983 0.869
643.81 0.827
644.658 0.848
645.565 0.907
646.467 0.902
647.319 0.852
648.146 0.827
649.009 0.863
649.894 0.885
650.75 0.856
651.541 0.791
652.306 0.765
653.087 0.781
653.914 0.827
654.774 0.86
655.602 0.828
656.404 0.802
657.225 0.821
658.09 0.865
658.938 0.848
659.733 0.795
660.531 0.798
661.339 0.808
662.157 0.818
662.936 0.779
663.738 0.802
664.583 0.845
665.466 0.883
666.312 0.846
667.127 0.815
667.964 0.837
668.827 0.863
669.699 0.872
670.515 0.816
671.303 0.788
672.115 0.812
672.975 0.86
673.825 0.85
674.678 0.853
675.587 0.909
676.482 0.895
677.351 0.869
678.221 0.87
679.137 0.916
680.065 0.928
680.935 0.87
681.783 0.848
682.644 0.861
683.538 0.894
684.46 0.922
685.357 0.897
686.253 0.896
687.102 0.849
687.921 0.819
688.759 0.838
689.67 0.911
690.544 0.874
691.357 0.813
692.161 0.804
692.996 0.835
693.864 0.868
694.745 0.881
695.572 0.827
696.391 0.819
697.268 0.877
698.133 0.865
698.948 0.815
699.728 0.78
700.523 0.795
701.366 0.843
702.246 0.88
703.153 0.907
703.963 0.81
704.814 0.851
705.694 0.88
706.538 0.844
707.352 0.814
708.22 0.868
709.126 0.906
709.99 0.864
710.892 0.902
711.815 0.923
712.722 0.907
713.565 0.843
714.377 0.812
715.204 0.827
716.012 0.808
716.79 0.778
717.558 0.768
718.386 0.828
719.29 0.904
720.183 0.893
721.015 0.832
721.889 0.874
722.826 0.937
723.797 0.971
724.706 0.909
725.613 0.907
726.572 0.959
727.539 0.967
728.425 0.886
729.261 0.836
730.144 0.883
731.067 0.923
731.98 0.913
732.794 0.814
733.626 0.832
734.493 0.867
735.402 0.909
736.259 0.857
737.111 0.852
738.02 0.909
738.961 0.941
739.867 0.906
740.727 0.86
741.606 0.879
742.482 0.876
743.316 0.834
744.174 0.858
745.059 0.885
745.932 0.873
746.761 0.829
747.616 0.855
748.494 0.878
749.339 0.845
750.179 0.84
751.067 0.888
751.97 0.903